  0.00000     1.00000
  0.00218139  1.02992
  0.00633492  1.05963
  0.0118295   1.08912
  0.0184167   1.11839
  0.0259382   1.14743
  0.0342829   1.17625
  0.0433596   1.20484
  0.0531019   1.23322
  0.0634454   1.26138
  0.0743411   1.28933
  0.0857473   1.31708
  0.0976233   1.34463
  0.109933    1.37198
  0.122652    1.39915
  0.135753    1.42614
  0.149211    1.45296
  0.162999    1.47960
  0.177106    1.50608
  0.191503    1.53239
  0.206188    1.55855
  0.221135    1.58457
  0.236329    1.61043
  0.251770    1.63616
  0.267429    1.66174
  0.283311    1.68719
  0.299397    1.71252
  0.315679    1.73772
  0.332149    1.76279
  0.348799    1.78774
  0.365621    1.81258
  0.382607    1.83731
  0.399753    1.86193
  0.417050    1.88644
  0.434496    1.91085
  0.452079    1.93515
  0.469799    1.95936
  0.487648    1.98347
  0.505627    2.00749
  0.523727    2.03141
  0.541939    2.05525
  0.560268    2.07900
  0.578711    2.10267
  0.597254    2.12625
  0.615903    2.14975
  0.634649    2.17317
  0.653491    2.19651
  0.672430    2.21978
  0.691457    2.24298
  0.710574    2.26609
  0.729776    2.28914
  0.749061    2.31212
  0.768429    2.33503
  0.787876    2.35788
  0.807398    2.38066
  0.826991    2.40337
  0.846663    2.42602
  0.866404    2.44861
  0.886212    2.47114
  0.906089    2.49362
  0.926028    2.51603
  0.946035    2.53839
  0.966103    2.56069
  0.986232    2.58293
  1.00643     2.60512
  1.02666     2.62726
  1.04697     2.64935
  1.06733     2.67137
  1.08775     2.69336
  1.10821     2.71530
  1.12873     2.73718
  1.14930     2.75901
  1.16992     2.78081
  1.19059     2.80256
  1.21131     2.82425
  1.23207     2.84591
  1.25288     2.86752
  1.27374     2.88908
  1.29463     2.91060
  1.31557     2.93208
  1.33656     2.95352
  1.35758     2.97492
  1.37865     2.99628
  1.38233     3.00000
