  0.00000  0.00000
  1.00000  0.00000
  1.03000  3.74807e-06
  1.06000  2.85195e-05
  1.09000  9.11759e-05
  1.12000  0.000205128
  1.15000  0.000380962
  1.18000  0.000627019
  1.21000  0.000949877
  1.23999  0.00135448
  1.26999  0.00184507
  1.29998  0.00242431
  1.32998  0.00309480
  1.35997  0.00385766
  1.38995  0.00471390
  1.41994  0.00566469
  1.44992  0.00670966
  1.47990  0.00784913
  1.50987  0.00908238
  1.53985  0.0104099
  1.56981  0.0118294
  1.59977  0.0133414
  1.62973  0.0149446
  1.65968  0.0166379
  1.68963  0.0184207
  1.71957  0.0202912
  1.74951  0.0222489
  1.77944  0.0242921
  1.80936  0.0264193
  1.83928  0.0286302
  1.86919  0.0309229
  1.89910  0.0332968
  1.92900  0.0357500
  1.95889  0.0382811
  1.98878  0.0408900
  2.01866  0.0435743
  2.04853  0.0463330
  2.07840  0.0491659
  2.10826  0.0520707
  2.13811  0.0550464
  2.16795  0.0580916
  2.19779  0.0612064
  2.22762  0.0643888
  2.25744  0.0676375
  2.28726  0.0709527
  2.31707  0.0743320
  2.34687  0.0777745
  2.37667  0.0812805
  2.40645  0.0848466
  2.43623  0.0884741
  2.46601  0.0921622
  2.49577  0.0959074
  2.52553  0.0997114
  2.55528  0.103572
  2.58502  0.107489
  2.61476  0.111461
  2.64449  0.115488
  2.67421  0.119566
  2.70392  0.123699
  2.73363  0.127884
  2.76333  0.132119
  2.79302  0.136406
  2.82271  0.140742
  2.85238  0.145127
  2.88205  0.149560
  2.91172  0.154041
  2.94137  0.158568
  2.97102  0.163142
  3.00000  0.167660
